36
1 7 1
1 6 1
2 1 1
2 8 1
3 2 1
3 9 1
4 3 1
4 10 1
5 4 1
5 11 1
6 5 1
6 12 1
7 13 1
7 12 1
8 7 1
8 14 1
9 8 1
9 15 1
10 9 1
10 16 1
11 10 1
11 17 1
12 11 1
12 18 1
13 19 1
13 18 1
14 13 1
14 20 1
15 14 1
15 21 1
16 15 1
16 22 1
17 16 1
17 23 1
18 17 1
18 24 1
19 25 1
19 24 1
20 19 1
20 26 1
21 20 1
21 27 1
22 21 1
22 28 1
23 22 1
23 29 1
24 23 1
24 30 1
25 31 1
25 30 1
26 25 1
26 32 1
27 26 1
27 33 1
28 27 1
28 34 1
29 28 1
29 35 1
30 29 1
30 36 1
31 1 1
31 36 1
32 31 1
32 2 1
33 32 1
33 3 1
34 33 1
34 4 1
35 34 1
35 5 1
36 35 1
36 6 1
1 1 0
2 2 0
3 3 0
4 4 0
5 5 0
6 6 0
7 7 0
8 8 0
9 9 0
10 10 0
11 11 0
12 12 0
13 13 0
14 14 0
15 15 0
16 16 0
17 17 0
18 18 0
19 19 0
20 20 0
21 21 0
22 22 0
23 23 0
24 24 0
25 25 0
26 26 0
27 27 0
28 28 0
29 29 0
30 30 0
31 31 0
32 32 0
33 33 0
34 34 0
35 35 0
36 36 0